-----+- ADTS Frame Table -+------+
 NUM | Profile | Frequency| Size |
-----+---------+----------+------+
    0|        1|         4|   371|
    1|        1|         4|   372|
    2|        1|         4|   371|
    3|        1|         4|   372|
    4|        1|         4|   371|
    5|        1|         4|   372|
    6|        1|         4|   371|
    7|        1|         4|   372|
    8|        1|         4|   371|
    9|        1|         4|   372|
   10|        1|         4|   371|
   11|        1|         4|   372|
   12|        1|         4|   371|
   13|        1|         4|   372|
   14|        1|         4|   371|
   15|        1|         4|   372|
   16|        1|         4|   371|
   17|        1|         4|   372|
   18|        1|         4|   371|
   19|        1|         4|   372|
   20|        1|         4|   371|
   21|        1|         4|   372|
   22|        1|         4|   371|
   23|        1|         4|   372|
   24|        1|         4|   371|
   25|        1|         4|   372|
   26|        1|         4|   372|
   27|        1|         4|   371|
   28|        1|         4|   372|
   29|        1|         4|   371|
   30|        1|         4|   372|
   31|        1|         4|   371|
   32|        1|         4|   372|
   33|        1|         4|   371|
   34|        1|         4|   372|
   35|        1|         4|   371|
   36|        1|         4|   372|
   37|        1|         4|   371|
   38|        1|         4|   372|
   39|        1|         4|   371|
   40|        1|         4|   372|
   41|        1|         4|   371|
   42|        1|         4|   372|
   43|        1|         4|   371|
   44|        1|         4|   372|
   45|        1|         4|   371|
   46|        1|         4|   372|
   47|        1|         4|   371|
   48|        1|         4|   372|
   49|        1|         4|   371|
   50|        1|         4|   372|
   51|        1|         4|   372|
   52|        1|         4|   371|
   53|        1|         4|   372|
   54|        1|         4|   371|
   55|        1|         4|   372|
   56|        1|         4|   371|
   57|        1|         4|   372|
   58|        1|         4|   371|
   59|        1|         4|   372|
   60|        1|         4|   371|
   61|        1|         4|   372|
   62|        1|         4|   371|
   63|        1|         4|   372|
   64|        1|         4|   371|
   65|        1|         4|   372|
   66|        1|         4|   371|
   67|        1|         4|   372|
   68|        1|         4|   371|
   69|        1|         4|   372|
   70|        1|         4|   371|
   71|        1|         4|   372|
   72|        1|         4|   371|
   73|        1|         4|   372|
   74|        1|         4|   371|
   75|        1|         4|   372|
   76|        1|         4|   371|
   77|        1|         4|   372|
   78|        1|         4|   372|
   79|        1|         4|   371|
   80|        1|         4|   372|
   81|        1|         4|   371|
   82|        1|         4|   372|
   83|        1|         4|   371|
   84|        1|         4|   372|
   85|        1|         4|   371|
   86|        1|         4|   372|
   87|        1|         4|   371|
   88|        1|         4|   372|
   89|        1|         4|   371|
   90|        1|         4|   372|
   91|        1|         4|   371|
   92|        1|         4|   372|
   93|        1|         4|   371|
   94|        1|         4|   372|
   95|        1|         4|   371|
   96|        1|         4|   372|
   97|        1|         4|   371|
   98|        1|         4|   372|
   99|        1|         4|   371|
  100|        1|         4|   372|
  101|        1|         4|   371|
  102|        1|         4|   372|
  103|        1|         4|   372|
  104|        1|         4|   371|
  105|        1|         4|   372|
  106|        1|         4|   371|
  107|        1|         4|   372|
  108|        1|         4|   371|
  109|        1|         4|   372|
  110|        1|         4|   371|
  111|        1|         4|   372|
  112|        1|         4|   371|
  113|        1|         4|   372|
  114|        1|         4|   371|
  115|        1|         4|   372|
  116|        1|         4|   371|
  117|        1|         4|   372|
  118|        1|         4|   371|
  119|        1|         4|   372|
  120|        1|         4|   371|
  121|        1|         4|   372|
  122|        1|         4|   371|
  123|        1|         4|   372|
  124|        1|         4|   371|
  125|        1|         4|   372|
  126|        1|         4|   371|
  127|        1|         4|   372|
  128|        1|         4|   371|
  129|        1|         4|   372|
  130|        1|         4|   372|
  131|        1|         4|   371|
  132|        1|         4|   372|
  133|        1|         4|   371|
  134|        1|         4|   372|
  135|        1|         4|   371|
  136|        1|         4|   372|
  137|        1|         4|   371|
  138|        1|         4|   372|
  139|        1|         4|   371|
  140|        1|         4|   372|
  141|        1|         4|   371|
  142|        1|         4|   372|
  143|        1|         4|   371|
  144|        1|         4|   372|
  145|        1|         4|   371|
  146|        1|         4|   372|
  147|        1|         4|   371|
  148|        1|         4|   372|
  149|        1|         4|   371|
  150|        1|         4|   372|
  151|        1|         4|   371|
  152|        1|         4|   372|
  153|        1|         4|   371|
  154|        1|         4|   372|
  155|        1|         4|   372|
  156|        1|         4|   371|
  157|        1|         4|   372|
  158|        1|         4|   371|
  159|        1|         4|   372|
  160|        1|         4|   371|
  161|        1|         4|   372|
  162|        1|         4|   371|
  163|        1|         4|   372|
  164|        1|         4|   371|
  165|        1|         4|   372|
  166|        1|         4|   371|
  167|        1|         4|   372|
  168|        1|         4|   371|
  169|        1|         4|   372|
  170|        1|         4|   371|
  171|        1|         4|   372|
  172|        1|         4|   371|
  173|        1|         4|   372|
  174|        1|         4|   371|
  175|        1|         4|   372|
  176|        1|         4|   371|
  177|        1|         4|   372|
  178|        1|         4|   371|
  179|        1|         4|   372|
  180|        1|         4|   371|
  181|        1|         4|   372|
  182|        1|         4|   372|
  183|        1|         4|   371|
  184|        1|         4|   372|
  185|        1|         4|   371|
  186|        1|         4|   372|
  187|        1|         4|   371|
  188|        1|         4|   372|
  189|        1|         4|   371|
  190|        1|         4|   372|
  191|        1|         4|   371|
  192|        1|         4|   372|
  193|        1|         4|   371|
  194|        1|         4|   372|
  195|        1|         4|   371|
  196|        1|         4|   372|
  197|        1|         4|   371|
  198|        1|         4|   372|
  199|        1|         4|   371|
  200|        1|         4|   372|
  201|        1|         4|   371|
  202|        1|         4|   372|
  203|        1|         4|   371|
  204|        1|         4|   372|
  205|        1|         4|   371|
  206|        1|         4|   372|
  207|        1|         4|   372|
  208|        1|         4|   371|
  209|        1|         4|   372|
  210|        1|         4|   371|
  211|        1|         4|   372|
  212|        1|         4|   371|
  213|        1|         4|   372|
  214|        1|         4|   371|
  215|        1|         4|   372|
  216|        1|         4|   371|
  217|        1|         4|   372|
  218|        1|         4|   371|
  219|        1|         4|   372|
  220|        1|         4|   371|
  221|        1|         4|   372|
  222|        1|         4|   371|
  223|        1|         4|   372|
  224|        1|         4|   371|
  225|        1|         4|   372|
  226|        1|         4|   371|
  227|        1|         4|   372|
  228|        1|         4|   371|
  229|        1|         4|   372|
  230|        1|         4|   371|
  231|        1|         4|   372|
  232|        1|         4|   371|
  233|        1|         4|   372|
  234|        1|         4|   372|
  235|        1|         4|   371|
  236|        1|         4|   372|
  237|        1|         4|   371|
  238|        1|         4|   372|
  239|        1|         4|   371|
  240|        1|         4|   372|
  241|        1|         4|   371|
  242|        1|         4|   372|
  243|        1|         4|   371|
  244|        1|         4|   372|
  245|        1|         4|   371|
  246|        1|         4|   372|
  247|        1|         4|   371|
  248|        1|         4|   372|
  249|        1|         4|   371|
  250|        1|         4|   372|
  251|        1|         4|   371|
  252|        1|         4|   372|
  253|        1|         4|   371|
  254|        1|         4|   372|
  255|        1|         4|   371|
  256|        1|         4|   372|
  257|        1|         4|   371|
  258|        1|         4|   372|
  259|        1|         4|   372|
  260|        1|         4|   371|
  261|        1|         4|   372|
  262|        1|         4|   371|
  263|        1|         4|   372|
  264|        1|         4|   371|
  265|        1|         4|   372|
  266|        1|         4|   371|
  267|        1|         4|   372|
  268|        1|         4|   371|
  269|        1|         4|   372|
  270|        1|         4|   371|
  271|        1|         4|   372|
  272|        1|         4|   371|
  273|        1|         4|   372|
  274|        1|         4|   371|
  275|        1|         4|   372|
  276|        1|         4|   371|
  277|        1|         4|   372|
  278|        1|         4|   371|
  279|        1|         4|   372|
  280|        1|         4|   371|
  281|        1|         4|   372|
  282|        1|         4|   371|
  283|        1|         4|   372|
  284|        1|         4|   371|
  285|        1|         4|   372|
  286|        1|         4|   372|
  287|        1|         4|   371|
  288|        1|         4|   372|
  289|        1|         4|   371|
  290|        1|         4|   372|
  291|        1|         4|   371|
  292|        1|         4|   372|
  293|        1|         4|   371|
  294|        1|         4|   372|
  295|        1|         4|   371|
  296|        1|         4|   372|
  297|        1|         4|   371|
  298|        1|         4|   372|
  299|        1|         4|   371|
  300|        1|         4|   372|
  301|        1|         4|   371|
  302|        1|         4|   372|
  303|        1|         4|   371|
  304|        1|         4|   372|
  305|        1|         4|   371|
  306|        1|         4|   372|
  307|        1|         4|   371|
  308|        1|         4|   372|
  309|        1|         4|   371|
  310|        1|         4|   372|
  311|        1|         4|   372|
  312|        1|         4|   371|
  313|        1|         4|   372|
  314|        1|         4|   371|
  315|        1|         4|   372|
  316|        1|         4|   371|
  317|        1|         4|   372|
  318|        1|         4|   371|
  319|        1|         4|   372|
  320|        1|         4|   371|
  321|        1|         4|   372|
  322|        1|         4|   371|
  323|        1|         4|   372|
  324|        1|         4|   371|
  325|        1|         4|   372|
  326|        1|         4|   371|
  327|        1|         4|   372|
  328|        1|         4|   371|
  329|        1|         4|   372|
  330|        1|         4|   371|
  331|        1|         4|   372|
  332|        1|         4|   371|
  333|        1|         4|   372|
  334|        1|         4|   371|
  335|        1|         4|   372|
  336|        1|         4|   371|
  337|        1|         4|   372|
  338|        1|         4|   372|
  339|        1|         4|   371|
  340|        1|         4|   372|
  341|        1|         4|   371|
  342|        1|         4|   372|
  343|        1|         4|   371|
  344|        1|         4|   372|
  345|        1|         4|   371|
  346|        1|         4|   372|
  347|        1|         4|   371|
  348|        1|         4|   372|
  349|        1|         4|   371|
  350|        1|         4|   372|
  351|        1|         4|   371|
  352|        1|         4|   372|
  353|        1|         4|   371|
  354|        1|         4|   372|
  355|        1|         4|   371|
  356|        1|         4|   372|
  357|        1|         4|   371|
  358|        1|         4|   372|
  359|        1|         4|   371|
  360|        1|         4|   372|
  361|        1|         4|   371|
  362|        1|         4|   372|
  363|        1|         4|   372|
  364|        1|         4|   371|
  365|        1|         4|   372|
  366|        1|         4|   371|
  367|        1|         4|   372|
  368|        1|         4|   371|
  369|        1|         4|   372|
  370|        1|         4|   371|
  371|        1|         4|   372|
  372|        1|         4|   371|
  373|        1|         4|   372|
  374|        1|         4|   371|
  375|        1|         4|   372|
  376|        1|         4|   371|
  377|        1|         4|   372|
  378|        1|         4|   371|
  379|        1|         4|   372|
  380|        1|         4|   371|
  381|        1|         4|   372|
  382|        1|         4|   371|
  383|        1|         4|   372|
  384|        1|         4|   371|
  385|        1|         4|   372|
  386|        1|         4|   371|
  387|        1|         4|   372|
  388|        1|         4|   371|
  389|        1|         4|   372|
  390|        1|         4|   372|
  391|        1|         4|   371|
  392|        1|         4|   372|
  393|        1|         4|   371|
  394|        1|         4|   372|
  395|        1|         4|   371|
  396|        1|         4|   372|
  397|        1|         4|   371|
  398|        1|         4|   372|
  399|        1|         4|   371|
  400|        1|         4|   372|
  401|        1|         4|   371|
  402|        1|         4|   372|
  403|        1|         4|   371|
  404|        1|         4|   372|
  405|        1|         4|   371|
  406|        1|         4|   372|
  407|        1|         4|   371|
  408|        1|         4|   372|
  409|        1|         4|   371|
  410|        1|         4|   372|
  411|        1|         4|   371|
  412|        1|         4|   372|
  413|        1|         4|   371|
  414|        1|         4|   372|
  415|        1|         4|   372|
  416|        1|         4|   371|
  417|        1|         4|   372|
  418|        1|         4|   371|
  419|        1|         4|   372|
  420|        1|         4|   371|
  421|        1|         4|   372|
  422|        1|         4|   371|
  423|        1|         4|   372|
  424|        1|         4|   371|
  425|        1|         4|   372|
  426|        1|         4|   371|
  427|        1|         4|   372|
  428|        1|         4|   371|
  429|        1|         4|   372|
  430|        1|         4|   371|
  431|        1|         4|   372|
  432|        1|         4|   371|
  433|        1|         4|   372|
  434|        1|         4|   371|
  435|        1|         4|   372|
  436|        1|         4|   371|
  437|        1|         4|   372|
  438|        1|         4|   371|
  439|        1|         4|   372|
  440|        1|         4|   372|
  441|        1|         4|   371|
  442|        1|         4|   372|
  443|        1|         4|   371|
  444|        1|         4|   372|
  445|        1|         4|   371|
  446|        1|         4|   372|
  447|        1|         4|   371|
  448|        1|         4|   372|
  449|        1|         4|   371|
  450|        1|         4|   372|
  451|        1|         4|   371|
  452|        1|         4|   372|
  453|        1|         4|   371|
  454|        1|         4|   372|
  455|        1|         4|   371|
  456|        1|         4|   372|
  457|        1|         4|   371|
  458|        1|         4|   372|
  459|        1|         4|   371|
  460|        1|         4|   372|
  461|        1|         4|   371|
  462|        1|         4|   372|
  463|        1|         4|   371|
  464|        1|         4|   372|
  465|        1|         4|   371|
  466|        1|         4|   372|
  467|        1|         4|   372|
  468|        1|         4|   371|
  469|        1|         4|   372|
  470|        1|         4|   371|
  471|        1|         4|   372|
  472|        1|         4|   371|
  473|        1|         4|   372|
  474|        1|         4|   371|
  475|        1|         4|   372|
  476|        1|         4|   371|
  477|        1|         4|   372|
  478|        1|         4|   371|
  479|        1|         4|   372|
  480|        1|         4|   371|
  481|        1|         4|   372|
  482|        1|         4|   371|
  483|        1|         4|   372|
  484|        1|         4|   371|
  485|        1|         4|   372|
  486|        1|         4|   371|
  487|        1|         4|   372|
  488|        1|         4|   371|
  489|        1|         4|   372|
  490|        1|         4|   371|
  491|        1|         4|   372|
  492|        1|         4|   372|
  493|        1|         4|   371|
  494|        1|         4|   372|
  495|        1|         4|   371|
  496|        1|         4|   372|
  497|        1|         4|   371|
  498|        1|         4|   372|
  499|        1|         4|   371|
  500|        1|         4|   372|
  501|        1|         4|   371|
  502|        1|         4|   372|
  503|        1|         4|   371|
  504|        1|         4|   372|
  505|        1|         4|   371|
  506|        1|         4|   372|
  507|        1|         4|   371|
  508|        1|         4|   372|
  509|        1|         4|   371|
  510|        1|         4|   372|
  511|        1|         4|   371|
  512|        1|         4|   372|
  513|        1|         4|   371|
  514|        1|         4|   372|
  515|        1|         4|   371|
  516|        1|         4|   372|
  517|        1|         4|   371|
  518|        1|         4|   372|
  519|        1|         4|   372|
  520|        1|         4|   371|
  521|        1|         4|   372|
  522|        1|         4|   371|
  523|        1|         4|   372|
  524|        1|         4|   371|
  525|        1|         4|   372|
  526|        1|         4|   371|
  527|        1|         4|   372|
  528|        1|         4|   371|
  529|        1|         4|   372|
  530|        1|         4|   371|
  531|        1|         4|   372|
  532|        1|         4|   371|
  533|        1|         4|   372|
  534|        1|         4|   371|
  535|        1|         4|   372|
  536|        1|         4|   371|
  537|        1|         4|   372|
  538|        1|         4|   371|
  539|        1|         4|   372|
  540|        1|         4|   371|
  541|        1|         4|   372|
  542|        1|         4|   371|
  543|        1|         4|   372|
  544|        1|         4|   372|
  545|        1|         4|   371|
  546|        1|         4|   372|
  547|        1|         4|   371|
  548|        1|         4|   372|
  549|        1|         4|   371|
  550|        1|         4|   372|
  551|        1|         4|   371|
  552|        1|         4|   372|
  553|        1|         4|   371|
  554|        1|         4|   372|
  555|        1|         4|   371|
  556|        1|         4|   372|
  557|        1|         4|   371|
  558|        1|         4|   372|
  559|        1|         4|   371|
  560|        1|         4|   372|
  561|        1|         4|   371|
  562|        1|         4|   372|
  563|        1|         4|   371|
  564|        1|         4|   372|
  565|        1|         4|   371|
  566|        1|         4|   372|
  567|        1|         4|   371|
  568|        1|         4|   372|
  569|        1|         4|   371|
  570|        1|         4|   372|
  571|        1|         4|   372|
  572|        1|         4|   371|
  573|        1|         4|   372|
  574|        1|         4|   371|
  575|        1|         4|   372|
  576|        1|         4|   371|
  577|        1|         4|   372|
  578|        1|         4|   371|
  579|        1|         4|   423|
  580|        1|         4|   320|
  581|        1|         4|   372|
  582|        1|         4|   371|
  583|        1|         4|   372|
  584|        1|         4|   371|
  585|        1|         4|   372|
  586|        1|         4|   371|
  587|        1|         4|   372|
  588|        1|         4|   371|
  589|        1|         4|   372|
  590|        1|         4|   371|
  591|        1|         4|   372|
  592|        1|         4|   371|
  593|        1|         4|   372|
  594|        1|         4|   371|
  595|        1|         4|   372|
  596|        1|         4|   372|
  597|        1|         4|   371|
  598|        1|         4|   372|
  599|        1|         4|   371|
  600|        1|         4|   372|
  601|        1|         4|   371|
  602|        1|         4|   372|
  603|        1|         4|   371|
  604|        1|         4|   372|
  605|        1|         4|   371|
  606|        1|         4|   372|
  607|        1|         4|   371|
  608|        1|         4|   372|
  609|        1|         4|   371|
  610|        1|         4|   372|
  611|        1|         4|   371|
  612|        1|         4|   372|
  613|        1|         4|   371|
  614|        1|         4|   372|
  615|        1|         4|   371|
  616|        1|         4|   372|
  617|        1|         4|   371|
  618|        1|         4|   372|
  619|        1|         4|   371|
  620|        1|         4|   372|
  621|        1|         4|   371|
  622|        1|         4|   372|
  623|        1|         4|   372|
  624|        1|         4|   371|
  625|        1|         4|   372|
  626|        1|         4|   371|
  627|        1|         4|   372|
  628|        1|         4|   371|
  629|        1|         4|   372|
  630|        1|         4|   371|
  631|        1|         4|   372|
  632|        1|         4|   371|
  633|        1|         4|   372|
  634|        1|         4|   371|
  635|        1|         4|   372|
  636|        1|         4|   371|
  637|        1|         4|   372|
  638|        1|         4|   371|
  639|        1|         4|   372|
  640|        1|         4|   371|
  641|        1|         4|   372|
  642|        1|         4|   371|
  643|        1|         4|   372|
  644|        1|         4|   371|
  645|        1|         4|   372|
  646|        1|         4|   371|
  647|        1|         4|   372|
  648|        1|         4|   372|
  649|        1|         4|   371|
  650|        1|         4|   372|
  651|        1|         4|   371|
  652|        1|         4|   372|
  653|        1|         4|   371|
  654|        1|         4|   372|
  655|        1|         4|   371|
  656|        1|         4|   372|
  657|        1|         4|   371|
  658|        1|         4|   372|
  659|        1|         4|   371|
  660|        1|         4|   372|
  661|        1|         4|   371|
  662|        1|         4|   372|
  663|        1|         4|   371|
  664|        1|         4|   372|
  665|        1|         4|   371|
  666|        1|         4|   372|
  667|        1|         4|   371|
  668|        1|         4|   372|
  669|        1|         4|   371|
  670|        1|         4|   372|
  671|        1|         4|   371|
  672|        1|         4|   372|
  673|        1|         4|   371|
  674|        1|         4|   372|
  675|        1|         4|   372|
  676|        1|         4|   371|
  677|        1|         4|   372|
  678|        1|         4|   371|
  679|        1|         4|   372|
  680|        1|         4|   371|
  681|        1|         4|   372|
  682|        1|         4|   371|
  683|        1|         4|   372|
  684|        1|         4|   371|
  685|        1|         4|   372|
  686|        1|         4|   371|
  687|        1|         4|   372|
  688|        1|         4|   371|
  689|        1|         4|   372|
  690|        1|         4|   371|
  691|        1|         4|   372|
  692|        1|         4|   371|
  693|        1|         4|   372|
  694|        1|         4|   371|
  695|        1|         4|   372|
  696|        1|         4|   371|
  697|        1|         4|   372|
  698|        1|         4|   371|
  699|        1|         4|   372|
  700|        1|         4|   372|
  701|        1|         4|   371|
  702|        1|         4|   372|
  703|        1|         4|   371|
  704|        1|         4|   372|
  705|        1|         4|   371|
  706|        1|         4|   372|
  707|        1|         4|   371|
  708|        1|         4|   372|
  709|        1|         4|   371|
  710|        1|         4|   372|
  711|        1|         4|   371|
  712|        1|         4|   372|
  713|        1|         4|   371|
  714|        1|         4|   372|
  715|        1|         4|   371|
  716|        1|         4|   372|
  717|        1|         4|   371|
  718|        1|         4|   372|
  719|        1|         4|   371|
  720|        1|         4|   372|
  721|        1|         4|   371|
  722|        1|         4|   372|
  723|        1|         4|   371|
  724|        1|         4|   372|
  725|        1|         4|   371|
  726|        1|         4|   372|
  727|        1|         4|   372|
  728|        1|         4|   371|
  729|        1|         4|   372|
  730|        1|         4|   371|
  731|        1|         4|   372|
  732|        1|         4|   371|
  733|        1|         4|   372|
  734|        1|         4|   371|
  735|        1|         4|   372|
  736|        1|         4|   371|
  737|        1|         4|   372|
  738|        1|         4|   371|
  739|        1|         4|   372|
  740|        1|         4|   371|
  741|        1|         4|   372|
  742|        1|         4|   371|
  743|        1|         4|   372|
  744|        1|         4|   371|
  745|        1|         4|   372|
  746|        1|         4|   371|
  747|        1|         4|   372|
  748|        1|         4|   371|
  749|        1|         4|   372|
  750|        1|         4|   371|
  751|        1|         4|   372|
  752|        1|         4|   372|
  753|        1|         4|   371|
  754|        1|         4|   372|
  755|        1|         4|   371|
  756|        1|         4|   372|
  757|        1|         4|   371|
  758|        1|         4|   372|
  759|        1|         4|   371|
  760|        1|         4|   372|
  761|        1|         4|   371|
  762|        1|         4|   372|
  763|        1|         4|   371|
  764|        1|         4|   372|
  765|        1|         4|   371|
  766|        1|         4|   372|
  767|        1|         4|   371|
  768|        1|         4|   372|
  769|        1|         4|   371|
  770|        1|         4|   372|
  771|        1|         4|   371|
  772|        1|         4|   372|
  773|        1|         4|   371|
  774|        1|         4|   372|
  775|        1|         4|   371|
  776|        1|         4|   372|
  777|        1|         4|   371|
  778|        1|         4|   372|
  779|        1|         4|   372|
  780|        1|         4|   371|
  781|        1|         4|   372|
  782|        1|         4|   371|
  783|        1|         4|   372|
  784|        1|         4|   371|
  785|        1|         4|   372|
  786|        1|         4|   371|
  787|        1|         4|   372|
  788|        1|         4|   371|
  789|        1|         4|   372|
  790|        1|         4|   371|
  791|        1|         4|   372|
  792|        1|         4|   371|
  793|        1|         4|   372|
  794|        1|         4|   371|
  795|        1|         4|   372|
  796|        1|         4|   371|
  797|        1|         4|   372|
  798|        1|         4|   371|
  799|        1|         4|   372|
  800|        1|         4|   371|
  801|        1|         4|   372|
  802|        1|         4|   371|
  803|        1|         4|   372|
  804|        1|         4|   372|
  805|        1|         4|   371|
  806|        1|         4|   372|
  807|        1|         4|   371|
  808|        1|         4|   372|
  809|        1|         4|   371|
  810|        1|         4|   372|
  811|        1|         4|   371|
  812|        1|         4|   372|
  813|        1|         4|   371|
  814|        1|         4|   372|
  815|        1|         4|   371|
  816|        1|         4|   372|
  817|        1|         4|   371|
  818|        1|         4|   372|
  819|        1|         4|   371|
  820|        1|         4|   372|
  821|        1|         4|   371|
  822|        1|         4|   372|
  823|        1|         4|   371|
  824|        1|         4|   372|
  825|        1|         4|   371|
  826|        1|         4|   372|
  827|        1|         4|   371|
  828|        1|         4|   372|
  829|        1|         4|   371|
  830|        1|         4|   372|
  831|        1|         4|   372|
  832|        1|         4|   371|
  833|        1|         4|   372|
  834|        1|         4|   371|
  835|        1|         4|   372|
  836|        1|         4|   371|
  837|        1|         4|   372|
  838|        1|         4|   371|
  839|        1|         4|   372|
  840|        1|         4|   371|
  841|        1|         4|   372|
  842|        1|         4|   371|
  843|        1|         4|   372|
  844|        1|         4|   371|
  845|        1|         4|   372|
  846|        1|         4|   371|
  847|        1|         4|   372|
  848|        1|         4|   371|
  849|        1|         4|   372|
  850|        1|         4|   371|
  851|        1|         4|   372|
  852|        1|         4|   371|
  853|        1|         4|   372|
  854|        1|         4|   371|
  855|        1|         4|   372|
  856|        1|         4|   372|
  857|        1|         4|   371|
  858|        1|         4|   372|
  859|        1|         4|   371|
  860|        1|         4|   372|
  861|        1|         4|   371|
  862|        1|         4|   372|
  863|        1|         4|   371|
  864|        1|         4|   372|
  865|        1|         4|   371|
  866|        1|         4|   372|
  867|        1|         4|   371|
  868|        1|         4|   372|
  869|        1|         4|   371|
  870|        1|         4|   372|
  871|        1|         4|   371|
  872|        1|         4|   372|
  873|        1|         4|   371|
  874|        1|         4|   372|
  875|        1|         4|   371|
  876|        1|         4|   372|
  877|        1|         4|   371|
  878|        1|         4|   372|
  879|        1|         4|   371|
  880|        1|         4|   372|
  881|        1|         4|   372|
  882|        1|         4|   371|
  883|        1|         4|   372|
  884|        1|         4|   371|
  885|        1|         4|   372|
  886|        1|         4|   371|
  887|        1|         4|   372|
  888|        1|         4|   371|
  889|        1|         4|   372|
  890|        1|         4|   371|
  891|        1|         4|   372|
  892|        1|         4|   371|
  893|        1|         4|   372|
  894|        1|         4|   371|
  895|        1|         4|   372|
  896|        1|         4|   371|
  897|        1|         4|   372|
  898|        1|         4|   371|
  899|        1|         4|   372|
  900|        1|         4|   371|
  901|        1|         4|   372|
  902|        1|         4|   371|
  903|        1|         4|   372|
  904|        1|         4|   371|
  905|        1|         4|   372|
  906|        1|         4|   371|
  907|        1|         4|   372|
  908|        1|         4|   372|
  909|        1|         4|   371|
  910|        1|         4|   372|
  911|        1|         4|   371|
  912|        1|         4|   372|
  913|        1|         4|   371|
  914|        1|         4|   372|
  915|        1|         4|   371|
  916|        1|         4|   372|
  917|        1|         4|   371|
  918|        1|         4|   372|
  919|        1|         4|   371|
  920|        1|         4|   372|
  921|        1|         4|   371|
  922|        1|         4|   372|
  923|        1|         4|   371|
  924|        1|         4|   372|
  925|        1|         4|   371|
  926|        1|         4|   372|
  927|        1|         4|   371|
  928|        1|         4|   372|
  929|        1|         4|   371|
  930|        1|         4|   372|
  931|        1|         4|   371|
  932|        1|         4|   372|
  933|        1|         4|   372|
  934|        1|         4|   371|
  935|        1|         4|   372|
  936|        1|         4|   371|
  937|        1|         4|   372|
  938|        1|         4|   371|
  939|        1|         4|   372|
  940|        1|         4|   371|
  941|        1|         4|   372|
  942|        1|         4|   371|
  943|        1|         4|   372|
  944|        1|         4|   371|
  945|        1|         4|   372|
  946|        1|         4|   371|
  947|        1|         4|   372|
  948|        1|         4|   371|
  949|        1|         4|   372|
  950|        1|         4|   371|
  951|        1|         4|   372|
  952|        1|         4|   371|
  953|        1|         4|   372|
  954|        1|         4|   371|
  955|        1|         4|   372|
  956|        1|         4|   371|
  957|        1|         4|   372|
  958|        1|         4|   371|
  959|        1|         4|   372|
  960|        1|         4|   372|
  961|        1|         4|   371|
  962|        1|         4|   372|
  963|        1|         4|   371|
  964|        1|         4|   372|
  965|        1|         4|   371|
  966|        1|         4|   372|
  967|        1|         4|   371|
  968|        1|         4|   372|
  969|        1|         4|   371|
  970|        1|         4|   372|
  971|        1|         4|   371|
  972|        1|         4|   372|
  973|        1|         4|   371|
  974|        1|         4|   372|
  975|        1|         4|   371|
  976|        1|         4|   372|
  977|        1|         4|   371|
  978|        1|         4|   372|
  979|        1|         4|   371|
  980|        1|         4|   372|
  981|        1|         4|   371|
  982|        1|         4|   372|
  983|        1|         4|   371|
  984|        1|         4|   372|
  985|        1|         4|   372|
  986|        1|         4|   371|
  987|        1|         4|   372|
  988|        1|         4|   371|
  989|        1|         4|   372|
  990|        1|         4|   371|
  991|        1|         4|   372|
  992|        1|         4|   371|
  993|        1|         4|   372|
  994|        1|         4|   371|
  995|        1|         4|   372|
  996|        1|         4|   371|
  997|        1|         4|   372|
  998|        1|         4|   371|
  999|        1|         4|   372|
 1000|        1|         4|   371|
 1001|        1|         4|   372|
 1002|        1|         4|   371|
 1003|        1|         4|   372|
 1004|        1|         4|   371|
 1005|        1|         4|   372|
 1006|        1|         4|   371|
 1007|        1|         4|   372|
 1008|        1|         4|   371|
 1009|        1|         4|   372|
 1010|        1|         4|   371|
 1011|        1|         4|   372|
 1012|        1|         4|   372|
 1013|        1|         4|   371|
 1014|        1|         4|   372|
 1015|        1|         4|   371|
 1016|        1|         4|   372|
 1017|        1|         4|   371|
 1018|        1|         4|   372|
 1019|        1|         4|   371|
 1020|        1|         4|   372|
 1021|        1|         4|   371|
 1022|        1|         4|   372|
 1023|        1|         4|   371|
 1024|        1|         4|   372|
 1025|        1|         4|   371|
 1026|        1|         4|   372|
 1027|        1|         4|   371|
 1028|        1|         4|   372|
 1029|        1|         4|   371|
 1030|        1|         4|   372|
 1031|        1|         4|   371|
 1032|        1|         4|   372|
 1033|        1|         4|   371|
 1034|        1|         4|   372|
 1035|        1|         4|   371|
 1036|        1|         4|   372|
 1037|        1|         4|   372|
 1038|        1|         4|   371|
 1039|        1|         4|   372|
 1040|        1|         4|   371|
 1041|        1|         4|   372|
 1042|        1|         4|   371|
 1043|        1|         4|   372|
 1044|        1|         4|   371|
 1045|        1|         4|   372|
 1046|        1|         4|   371|
 1047|        1|         4|   372|
 1048|        1|         4|   371|
 1049|        1|         4|   372|
 1050|        1|         4|   371|
 1051|        1|         4|   372|
 1052|        1|         4|   371|
 1053|        1|         4|   372|
 1054|        1|         4|   371|
 1055|        1|         4|   372|
 1056|        1|         4|   371|
 1057|        1|         4|   372|
 1058|        1|         4|   371|
 1059|        1|         4|   372|
 1060|        1|         4|   371|
 1061|        1|         4|   372|
 1062|        1|         4|   371|
 1063|        1|         4|   372|
 1064|        1|         4|   385|
 1065|        1|         4|   358|
 1066|        1|         4|   372|
 1067|        1|         4|   371|
 1068|        1|         4|   372|
 1069|        1|         4|   371|
 1070|        1|         4|   372|
 1071|        1|         4|   371|
 1072|        1|         4|   372|
 1073|        1|         4|   371|
 1074|        1|         4|   372|
 1075|        1|         4|   371|
 1076|        1|         4|   372|
 1077|        1|         4|   371|
 1078|        1|         4|   372|
 1079|        1|         4|   371|
 1080|        1|         4|   372|
 1081|        1|         4|   371|
 1082|        1|         4|   372|
 1083|        1|         4|   371|
 1084|        1|         4|   372|
 1085|        1|         4|   371|
 1086|        1|         4|   372|
 1087|        1|         4|   371|
 1088|        1|         4|   372|
 1089|        1|         4|   372|
 1090|        1|         4|   371|
 1091|        1|         4|   372|
 1092|        1|         4|   371|
 1093|        1|         4|   372|
 1094|        1|         4|   371|
 1095|        1|         4|   372|
 1096|        1|         4|   371|
 1097|        1|         4|   372|
 1098|        1|         4|   371|
 1099|        1|         4|   372|
 1100|        1|         4|   371|
 1101|        1|         4|   372|
 1102|        1|         4|   371|
 1103|        1|         4|   372|
 1104|        1|         4|   371|
 1105|        1|         4|   372|
 1106|        1|         4|   371|
 1107|        1|         4|   372|
 1108|        1|         4|   371|
 1109|        1|         4|   372|
 1110|        1|         4|   371|
 1111|        1|         4|   372|
 1112|        1|         4|   371|
 1113|        1|         4|   372|
 1114|        1|         4|   371|
 1115|        1|         4|   372|
 1116|        1|         4|   372|
 1117|        1|         4|   371|
 1118|        1|         4|   372|
 1119|        1|         4|   371|
 1120|        1|         4|   372|
 1121|        1|         4|   371|
 1122|        1|         4|   372|
 1123|        1|         4|   371|
 1124|        1|         4|   372|
 1125|        1|         4|   371|
 1126|        1|         4|   372|
 1127|        1|         4|   371|
 1128|        1|         4|   372|
 1129|        1|         4|   371|
 1130|        1|         4|   372|
 1131|        1|         4|   371|
 1132|        1|         4|   372|
 1133|        1|         4|   371|
 1134|        1|         4|   372|
 1135|        1|         4|   371|
 1136|        1|         4|   473|
 1137|        1|         4|   270|
 1138|        1|         4|   372|
 1139|        1|         4|   371|
 1140|        1|         4|   372|
 1141|        1|         4|   372|
 1142|        1|         4|   371|
 1143|        1|         4|   372|
 1144|        1|         4|   371|
 1145|        1|         4|   372|
 1146|        1|         4|   371|
 1147|        1|         4|   372|
 1148|        1|         4|   371|
 1149|        1|         4|   372|
 1150|        1|         4|   371|
 1151|        1|         4|   372|
 1152|        1|         4|   371|
 1153|        1|         4|   372|
 1154|        1|         4|   371|
 1155|        1|         4|   372|
 1156|        1|         4|   371|
 1157|        1|         4|   372|
 1158|        1|         4|   371|
 1159|        1|         4|   372|
 1160|        1|         4|   371|
 1161|        1|         4|   372|
 1162|        1|         4|   371|
 1163|        1|         4|   372|
 1164|        1|         4|   371|
 1165|        1|         4|   372|
 1166|        1|         4|   371|
 1167|        1|         4|   372|
 1168|        1|         4|   372|
 1169|        1|         4|   371|
 1170|        1|         4|   372|
 1171|        1|         4|   371|
 1172|        1|         4|   372|
 1173|        1|         4|   371|
 1174|        1|         4|   372|
 1175|        1|         4|   371|
 1176|        1|         4|   372|
 1177|        1|         4|   371|
 1178|        1|         4|   372|
 1179|        1|         4|   371|
 1180|        1|         4|   372|
 1181|        1|         4|   371|
 1182|        1|         4|   372|
 1183|        1|         4|   371|
 1184|        1|         4|   372|
 1185|        1|         4|   371|
 1186|        1|         4|   372|
 1187|        1|         4|   371|
 1188|        1|         4|   372|
 1189|        1|         4|   371|
 1190|        1|         4|   372|
 1191|        1|         4|   371|
 1192|        1|         4|   372|
 1193|        1|         4|   372|
 1194|        1|         4|   371|
 1195|        1|         4|   372|
 1196|        1|         4|   371|
 1197|        1|         4|   372|
 1198|        1|         4|   371|
 1199|        1|         4|   372|
 1200|        1|         4|   371|
 1201|        1|         4|   372|
 1202|        1|         4|   371|
 1203|        1|         4|   372|
 1204|        1|         4|   371|
 1205|        1|         4|   372|
 1206|        1|         4|   371|
 1207|        1|         4|   372|
 1208|        1|         4|   371|
 1209|        1|         4|   372|
 1210|        1|         4|   371|
 1211|        1|         4|   372|
 1212|        1|         4|   371|
 1213|        1|         4|   372|
 1214|        1|         4|   371|
 1215|        1|         4|   372|
 1216|        1|         4|   371|
 1217|        1|         4|   372|
 1218|        1|         4|   371|
 1219|        1|         4|   372|
 1220|        1|         4|   372|
 1221|        1|         4|   371|
 1222|        1|         4|   372|
 1223|        1|         4|   371|
 1224|        1|         4|   372|
 1225|        1|         4|   371|
 1226|        1|         4|   372|
 1227|        1|         4|   371|
 1228|        1|         4|   372|
 1229|        1|         4|   371|
 1230|        1|         4|   372|
 1231|        1|         4|   371|
 1232|        1|         4|   372|
 1233|        1|         4|   371|
 1234|        1|         4|   372|
 1235|        1|         4|   371|
 1236|        1|         4|   372|
 1237|        1|         4|   371|
 1238|        1|         4|   372|
 1239|        1|         4|   371|
 1240|        1|         4|   372|
 1241|        1|         4|   371|
 1242|        1|         4|   372|
 1243|        1|         4|   371|
 1244|        1|         4|   372|
 1245|        1|         4|   372|
 1246|        1|         4|   371|
 1247|        1|         4|   372|
 1248|        1|         4|   371|
 1249|        1|         4|   372|
 1250|        1|         4|   371|
 1251|        1|         4|   372|
 1252|        1|         4|   371|
 1253|        1|         4|   372|
 1254|        1|         4|   371|
 1255|        1|         4|   372|
 1256|        1|         4|   371|
 1257|        1|         4|   372|
 1258|        1|         4|   371|
 1259|        1|         4|   372|
 1260|        1|         4|   371|
 1261|        1|         4|   372|
 1262|        1|         4|   371|
 1263|        1|         4|   372|
 1264|        1|         4|   371|
 1265|        1|         4|   372|
 1266|        1|         4|   371|
 1267|        1|         4|   372|
 1268|        1|         4|   371|
 1269|        1|         4|   372|
 1270|        1|         4|   371|
 1271|        1|         4|   372|
 1272|        1|         4|   372|
 1273|        1|         4|   371|
 1274|        1|         4|   372|
 1275|        1|         4|   371|
 1276|        1|         4|   372|
 1277|        1|         4|   371|
 1278|        1|         4|   372|
 1279|        1|         4|   371|
 1280|        1|         4|   372|
 1281|        1|         4|   371|
 1282|        1|         4|   372|
 1283|        1|         4|   371|
 1284|        1|         4|   372|
 1285|        1|         4|   371|
 1286|        1|         4|   372|
 1287|        1|         4|   371|
 1288|        1|         4|   372|
 1289|        1|         4|   371|
 1290|        1|         4|   372|
 1291|        1|         4|   371|
-----+------- End. -------+------+
