-----+-------- NALU Table ------+---------+
 NUM |   POS   |  IDC  |  TYPE  |   LEN   |
-----+---------+-------+--------+---------+
    0|        0|      3|       7|       25|
    1|       29|      3|       8|        6|
    2|       39|      0|       6|      686|
    3|      728|      3|       5|    14710|
    4|    15441|      2|       1|     6575|
    5|    22020|      0|       1|     2084|
    6|    24108|      2|       1|     6622|
    7|    30734|      0|       1|     2216|
    8|    32954|      2|       1|     6490|
    9|    39448|      0|       1|     2124|
   10|    41576|      2|       1|     6662|
   11|    48242|      0|       1|     2221|
   12|    50467|      2|       1|     5894|
   13|    56365|      0|       1|     2049|
   14|    58418|      2|       1|     5085|
   15|    63507|      2|       1|     7189|
   16|    70700|      0|       1|     2422|
   17|    73126|      2|       1|     6953|
   18|    80083|      0|       1|     2561|
   19|    82648|      2|       1|     6689|
   20|    89341|      0|       1|     2197|
   21|    91542|      2|       1|     6307|
   22|    97853|      0|       1|     1972|
   23|    99829|      2|       1|     6841|
   24|   106674|      0|       1|     1986|
   25|   108664|      2|       1|     5435|
   26|   114103|      2|       1|      354|
   27|   114461|      2|       1|     6183|
   28|   120648|      0|       1|     2381|
   29|   123033|      2|       1|     5873|
   30|   128910|      0|       1|     1836|
   31|   130750|      2|       1|     5911|
   32|   136665|      0|       1|     1892|
   33|   138561|      2|       1|     6124|
   34|   144689|      0|       1|     1996|
   35|   146689|      2|       1|     6196|
   36|   152889|      0|       1|     2070|
   37|   154963|      2|       1|     6131|
   38|   161098|      0|       1|     1916|
   39|   163018|      2|       1|     5650|
   40|   168672|      0|       1|     1666|
   41|   170342|      2|       1|     5837|
   42|   176183|      0|       1|     1576|
   43|   177763|      2|       1|     5928|
   44|   183695|      0|       1|     1622|
   45|   185321|      2|       1|     6071|
   46|   191396|      0|       1|     1917|
   47|   193317|      2|       1|     5973|
   48|   199294|      0|       1|     1628|
   49|   200926|      2|       1|     6161|
   50|   207091|      0|       1|     1634|
   51|   208729|      2|       1|      384|
   52|   209117|      2|       1|     5994|
   53|   215115|      0|       1|     1853|
   54|   216972|      2|       1|     5870|
   55|   222846|      0|       1|     1675|
   56|   224525|      2|       1|     5564|
   57|   230093|      0|       1|     1623|
   58|   231720|      2|       1|     5448|
   59|   237172|      0|       1|     1535|
   60|   238711|      2|       1|     5666|
   61|   244381|      0|       1|     1443|
   62|   245828|      2|       1|     5292|
   63|   251124|      0|       1|     1730|
   64|   252858|      2|       1|     5226|
   65|   258088|      0|       1|     1484|
   66|   259576|      2|       1|     5175|
   67|   264755|      0|       1|     1748|
   68|   266507|      2|       1|     5500|
   69|   272011|      0|       1|     2007|
   70|   274022|      2|       1|     5220|
   71|   279246|      0|       1|     1941|
   72|   281191|      2|       1|     3989|
   73|   285184|      2|       1|     3913|
   74|   289101|      2|       1|     6037|
   75|   295142|      0|       1|     2009|
   76|   297155|      2|       1|      266|
   77|   297425|      2|       1|     3675|
   78|   301104|      0|       1|     2068|
   79|   303176|      3|       7|       25|
   80|   303205|      3|       8|        6|
   81|   303215|      3|       5|    17926|
   82|   321144|      2|       1|     4500|
   83|   325648|      0|       1|     2006|
   84|   327658|      2|       1|     4544|
   85|   332206|      0|       1|     1849|
   86|   334059|      2|       1|     5202|
   87|   339265|      0|       1|     2030|
   88|   341299|      2|       1|     4917|
   89|   346220|      0|       1|     1960|
   90|   348184|      2|       1|     4899|
   91|   353087|      0|       1|     1874|
   92|   354965|      2|       1|     7112|
   93|   362081|      0|       1|     3142|
   94|   365227|      2|       1|     6321|
   95|   371552|      0|       1|     2460|
   96|   374016|      2|       1|     5508|
   97|   379528|      0|       1|     1884|
   98|   381416|      2|       1|     4534|
   99|   385954|      2|       1|     8049|
  100|   394007|      0|       1|     3659|
  101|   397670|      2|       1|     6294|
  102|   403968|      0|       1|     1826|
  103|   405798|      2|       1|     4852|
  104|   410654|      0|       1|      130|
  105|   410788|      2|       1|     4431|
  106|   415223|      2|       1|     5468|
  107|   420695|      0|       1|     1886|
  108|   422585|      2|       1|     5200|
  109|   427789|      0|       1|     1996|
  110|   429789|      2|       1|     5138|
  111|   434931|      0|       1|     1998|
  112|   436933|      2|       1|     6960|
  113|   443897|      0|       1|     2856|
  114|   446757|      2|       1|     6795|
  115|   453556|      0|       1|     2605|
  116|   456165|      2|       1|     5861|
  117|   462030|      0|       1|     2124|
  118|   464158|      2|       1|     5362|
  119|   469524|      0|       1|     1981|
  120|   471509|      2|       1|     3957|
  121|   475470|      0|       1|     2108|
  122|   477582|      2|       1|     3716|
  123|   481302|      0|       1|     2122|
  124|   483428|      2|       1|     3539|
  125|   486971|      0|       1|     2023|
  126|   488998|      3|       7|       25|
  127|   489027|      3|       8|        6|
  128|   489037|      3|       5|    19605|
  129|   508645|      2|       1|     2983|
  130|   511632|      0|       1|      145|
  131|   511781|      2|       1|     5298|
  132|   517083|      0|       1|     1929|
  133|   519016|      2|       1|     4142|
  134|   523162|      2|       1|     5945|
  135|   529111|      0|       1|     2054|
  136|   531169|      2|       1|     6186|
  137|   537359|      0|       1|     2142|
  138|   539505|      2|       1|     6600|
  139|   546109|      0|       1|     2168|
  140|   548281|      2|       1|     6646|
  141|   554931|      0|       1|     2210|
  142|   557145|      2|       1|     6814|
  143|   563963|      0|       1|     2180|
  144|   566147|      2|       1|     7054|
  145|   573205|      0|       1|     2251|
  146|   575460|      2|       1|     5248|
  147|   580712|      2|       1|     7067|
  148|   587783|      0|       1|     2350|
  149|   590137|      2|       1|     6898|
  150|   597039|      0|       1|     2361|
  151|   599404|      2|       1|     6573|
  152|   605981|      0|       1|     2345|
  153|   608330|      2|       1|     5571|
  154|   613905|      2|       1|     7033|
  155|   620942|      2|       1|      418|
  156|   621364|      2|       1|     7692|
  157|   629060|      0|       1|     3027|
  158|   632091|      2|       1|     7159|
  159|   639254|      0|       1|     2695|
  160|   641953|      2|       1|     7228|
  161|   649185|      0|       1|     2435|
  162|   651624|      2|       1|     5444|
  163|   657072|      2|       1|     5407|
  164|   662483|      2|       1|     6672|
  165|   669159|      0|       1|     2216|
  166|   671379|      2|       1|     6271|
  167|   677654|      0|       1|     2104|
  168|   679762|      2|       1|     6228|
  169|   685994|      0|       1|     2001|
  170|   687999|      2|       1|     6319|
  171|   694322|      0|       1|     2140|
  172|   696466|      2|       1|     6122|
  173|   702592|      0|       1|     2179|
  174|   704775|      2|       1|     4493|
  175|   709272|      2|       1|     4831|
  176|   714107|      2|       1|     6262|
  177|   720373|      0|       1|     2252|
  178|   722629|      2|       1|     6855|
  179|   729488|      0|       1|     2266|
  180|   731758|      2|       1|      367|
  181|   732129|      2|       1|     5651|
  182|   737784|      0|       1|     2197|
  183|   739985|      2|       1|     6846|
  184|   746835|      2|       1|     5387|
  185|   752226|      0|       1|     1951|
  186|   754181|      2|       1|     5613|
  187|   759798|      0|       1|     2069|
  188|   761871|      2|       1|     5701|
  189|   767576|      0|       1|     1948|
  190|   769528|      2|       1|     5861|
  191|   775393|      0|       1|     2117|
  192|   777514|      2|       1|     6306|
  193|   783824|      0|       1|     2266|
  194|   786094|      2|       1|     6098|
  195|   792196|      0|       1|     2270|
  196|   794470|      2|       1|     6083|
  197|   800557|      0|       1|     2302|
  198|   802863|      2|       1|     6552|
  199|   809419|      0|       1|     2984|
  200|   812407|      2|       1|     5829|
  201|   818240|      0|       1|     2088|
  202|   820332|      2|       1|     6049|
  203|   826385|      0|       1|     2189|
  204|   828578|      2|       1|     5205|
  205|   833787|      2|       1|      372|
  206|   834163|      2|       1|     6533|
  207|   840700|      0|       1|     2543|
  208|   843247|      2|       1|     6037|
  209|   849288|      0|       1|     2966|
  210|   852258|      2|       1|     6014|
  211|   858276|      0|       1|     2750|
  212|   861030|      2|       1|     6483|
  213|   867517|      2|       1|     5416|
  214|   872937|      0|       1|     1824|
  215|   874765|      2|       1|     5331|
  216|   880100|      0|       1|     1838|
  217|   881942|      2|       1|     5521|
  218|   887467|      0|       1|     2070|
  219|   889541|      2|       1|     5513|
  220|   895058|      0|       1|     2276|
  221|   897338|      2|       1|     5109|
  222|   902451|      0|       1|     1664|
  223|   904119|      2|       1|     5346|
  224|   909469|      0|       1|     1991|
  225|   911464|      2|       1|     6076|
  226|   917544|      0|       1|     2242|
  227|   919790|      2|       1|     6258|
  228|   926052|      0|       1|     2623|
  229|   928679|      2|       1|     5027|
  230|   933710|      2|       1|      432|
  231|   934146|      2|       1|     4329|
  232|   938479|      2|       1|     3366|
  233|   941849|      2|       1|     4162|
  234|   946015|      2|       1|     4255|
  235|   950274|      2|       1|     4464|
  236|   954742|      2|       1|     4614|
  237|   959360|      2|       1|     6247|
  238|   965611|      0|       1|     2411|
  239|   968026|      2|       1|     4322|
  240|   972352|      2|       1|     5668|
  241|   978024|      0|       1|     1780|
  242|   979808|      2|       1|     5843|
  243|   985655|      0|       1|     1881|
  244|   987540|      2|       1|     6209|
  245|   993753|      0|       1|     2011|
  246|   995768|      2|       1|     5892|
  247|  1001664|      0|       1|     2044|
  248|  1003712|      2|       1|     4613|
  249|  1008329|      2|       1|     6392|
  250|  1014725|      0|       1|     1927|
  251|  1016656|      2|       1|     6747|
  252|  1023407|      0|       1|     2052|
  253|  1025463|      2|       1|     7079|
  254|  1032546|      0|       1|     2104|
  255|  1034654|      2|       1|      340|
  256|  1034998|      2|       1|     5178|
  257|  1040180|      2|       1|     4509|
  258|  1044693|      2|       1|     4362|
  259|  1049059|      2|       1|     6445|
  260|  1055508|      0|       1|     2536|
  261|  1058048|      2|       1|     5029|
  262|  1063081|      2|       1|     5446|
  263|  1068531|      2|       1|     4166|
  264|  1072701|      2|       1|     4761|
  265|  1077466|      2|       1|     5189|
  266|  1082659|      2|       1|     5414|
  267|  1088077|      2|       1|     6038|
  268|  1094119|      2|       1|     5799|
  269|  1099922|      2|       1|     5655|
  270|  1105581|      2|       1|     5923|
  271|  1111508|      2|       1|     6315|
  272|  1117827|      2|       1|     5708|
  273|  1123539|      2|       1|     6868|
  274|  1130411|      0|       1|     1754|
  275|  1132169|      2|       1|     6222|
  276|  1138395|      0|       1|     1674|
  277|  1140073|      2|       1|     6145|
  278|  1146222|      0|       1|     1812|
  279|  1148038|      2|       1|     4440|
  280|  1152482|      0|       1|      165|
  281|  1152651|      2|       1|     5334|
  282|  1157989|      0|       1|     1429|
  283|  1159422|      2|       1|     8170|
  284|  1167596|      2|       1|     4785|
  285|  1172385|      0|       1|     1191|
  286|  1173580|      2|       1|     5316|
  287|  1178900|      0|       1|     1145|
  288|  1180049|      2|       1|     5453|
  289|  1185506|      0|       1|     1252|
  290|  1186762|      2|       1|     5517|
  291|  1192283|      0|       1|     1324|
  292|  1193611|      2|       1|     5522|
  293|  1199137|      0|       1|     1276|
  294|  1200417|      2|       1|     5269|
  295|  1205690|      0|       1|     1384|
  296|  1207078|      2|       1|     7240|
  297|  1214322|      0|       1|     1638|
  298|  1215964|      2|       1|     5504|
  299|  1221472|      0|       1|     1250|
  300|  1222726|      2|       1|     5768|
  301|  1228498|      0|       1|     1261|
  302|  1229763|      2|       1|     5899|
  303|  1235666|      0|       1|     1147|
  304|  1236817|      2|       1|     6247|
  305|  1243068|      2|       1|     1308|
  306|  1244380|      0|       1|      283|
  307|  1244667|      2|       1|     5211|
  308|  1249882|      0|       1|     1098|
  309|  1250984|      2|       1|     5123|
  310|  1256111|      0|       1|     1128|
  311|  1257243|      2|       1|     5363|
  312|  1262610|      0|       1|     1108|
  313|  1263722|      2|       1|     5345|
  314|  1269071|      0|       1|     1138|
  315|  1270213|      2|       1|     5516|
  316|  1275733|      0|       1|     1141|
  317|  1276878|      2|       1|     5121|
  318|  1282003|      0|       1|     1114|
  319|  1283121|      2|       1|     4681|
  320|  1287806|      0|       1|      961|
  321|  1288771|      2|       1|     4621|
  322|  1293396|      0|       1|     1161|
  323|  1294561|      2|       1|     3079|
  324|  1297644|      2|       1|     1320|
  325|  1298968|      0|       1|     1078|
  326|  1300050|      3|       7|       25|
  327|  1300079|      3|       8|        6|
  328|  1300089|      3|       5|    20083|
  329|  1320175|      2|       1|     3335|
  330|  1323514|      2|       1|      619|
  331|  1324137|      0|       1|      443|
  332|  1324584|      0|       1|      117|
  333|  1324705|      2|       1|     4944|
  334|  1329653|      2|       1|     1212|
  335|  1330869|      0|       1|      615|
  336|  1331488|      0|       1|      605|
  337|  1332097|      2|       1|     4280|
  338|  1336381|      2|       1|     1183|
  339|  1337568|      0|       1|      618|
  340|  1338190|      0|       1|      731|
  341|  1338925|      2|       1|     4408|
  342|  1343337|      2|       1|      806|
  343|  1344147|      0|       1|      691|
  344|  1344842|      2|       1|     4711|
  345|  1349557|      2|       1|     1343|
  346|  1350904|      0|       1|      659|
  347|  1351567|      0|       1|      690|
  348|  1352261|      2|       1|     4477|
  349|  1356742|      2|       1|      731|
  350|  1357477|      0|       1|      780|
  351|  1358261|      2|       1|     5078|
  352|  1363343|      2|       1|     1166|
  353|  1364513|      0|       1|      649|
  354|  1365166|      0|       1|      588|
  355|  1365758|      2|       1|     4631|
  356|  1370393|      2|       1|     1021|
  357|  1371418|      0|       1|      670|
  358|  1372092|      0|       1|      130|
  359|  1372226|      2|       1|     4356|
  360|  1376586|      2|       1|      993|
  361|  1377583|      0|       1|      596|
  362|  1378183|      0|       1|      553|
  363|  1378740|      2|       1|     4405|
  364|  1383149|      2|       1|     1028|
  365|  1384181|      0|       1|      604|
  366|  1384789|      0|       1|      646|
  367|  1385439|      2|       1|     4585|
  368|  1390028|      2|       1|     1195|
  369|  1391227|      0|       1|      718|
  370|  1391949|      0|       1|      647|
  371|  1392600|      2|       1|     4563|
  372|  1397167|      2|       1|      853|
  373|  1398024|      0|       1|      758|
  374|  1398786|      2|       1|     4732|
  375|  1403522|      2|       1|     1035|
  376|  1404561|      0|       1|      857|
  377|  1405422|      2|       1|     4701|
  378|  1410127|      2|       1|      845|
  379|  1410976|      0|       1|      906|
  380|  1411886|      2|       1|     4366|
  381|  1416256|      2|       1|      113|
  382|  1416373|      0|       1|      986|
  383|  1417363|      2|       1|     6955|
  384|  1424322|      2|       1|     1065|
  385|  1425391|      0|       1|      773|
  386|  1426168|      2|       1|     4927|
  387|  1431099|      2|       1|     1432|
  388|  1432535|      0|       1|      726|
  389|  1433265|      0|       1|      731|
  390|  1434000|      2|       1|     3871|
  391|  1437875|      2|       1|      762|
  392|  1438641|      0|       1|      793|
  393|  1439438|      2|       1|     4268|
  394|  1443710|      2|       1|      643|
  395|  1444357|      0|       1|      723|
  396|  1445084|      2|       1|     4609|
  397|  1449697|      2|       1|     1063|
  398|  1450764|      0|       1|      966|
  399|  1451734|      2|       1|     4482|
  400|  1456220|      2|       1|     1093|
  401|  1457317|      0|       1|      973|
  402|  1458294|      2|       1|     4336|
  403|  1462634|      2|       1|     1085|
  404|  1463723|      0|       1|     1044|
  405|  1464771|      2|       1|     3817|
  406|  1468592|      2|       1|      109|
  407|  1468705|      0|       1|     1108|
  408|  1469817|      2|       1|     4272|
  409|  1474093|      2|       1|     1086|
  410|  1475183|      0|       1|     1009|
  411|  1476196|      2|       1|     3721|
  412|  1479921|      0|       1|     1320|
  413|  1481245|      2|       1|     4416|
  414|  1485665|      0|       1|     1442|
  415|  1487111|      2|       1|     4312|
  416|  1491427|      0|       1|     1642|
  417|  1493073|      2|       1|     4568|
  418|  1497645|      0|       1|     1790|
  419|  1499439|      2|       1|     4680|
  420|  1504123|      0|       1|     1791|
  421|  1505918|      2|       1|     5211|
  422|  1511133|      0|       1|     1714|
  423|  1512851|      2|       1|     4947|
  424|  1517802|      0|       1|     1766|
  425|  1519572|      2|       1|     5040|
  426|  1524616|      0|       1|     1932|
  427|  1526552|      2|       1|     5133|
  428|  1531689|      0|       1|     1762|
  429|  1533455|      2|       1|     5427|
  430|  1538886|      0|       1|     1789|
  431|  1540679|      2|       1|     4017|
  432|  1544700|      0|       1|      153|
  433|  1544857|      2|       1|     5709|
  434|  1550570|      0|       1|     1483|
  435|  1552057|      2|       1|     5507|
  436|  1557568|      0|       1|     1452|
  437|  1559024|      2|       1|     5845|
  438|  1564873|      2|       1|     1240|
  439|  1566117|      0|       1|     1203|
  440|  1567324|      2|       1|     5626|
  441|  1572954|      2|       1|      940|
  442|  1573898|      0|       1|      902|
  443|  1574804|      2|       1|     5271|
  444|  1580079|      2|       1|      685|
  445|  1580768|      0|       1|      739|
  446|  1581511|      2|       1|     4828|
  447|  1586343|      2|       1|      994|
  448|  1587341|      0|       1|      591|
  449|  1587936|      0|       1|      432|
  450|  1588372|      2|       1|     4190|
  451|  1592566|      2|       1|      824|
  452|  1593394|      0|       1|      483|
  453|  1593881|      0|       1|      380|
  454|  1594265|      2|       1|     3052|
  455|  1597321|      2|       1|      465|
  456|  1597790|      0|       1|      384|
  457|  1598178|      0|       1|      132|
  458|  1598314|      2|       1|     2780|
  459|  1601098|      2|       1|      678|
  460|  1601780|      0|       1|      331|
  461|  1602115|      0|       1|      325|
  462|  1602444|      2|       1|     1238|
  463|  1603686|      2|       1|      705|
  464|  1604395|      0|       1|      332|
  465|  1604731|      0|       1|      513|
  466|  1605248|      3|       7|       25|
  467|  1605277|      3|       8|        6|
  468|  1605287|      3|       5|    13715|
  469|  1619005|      2|       1|     3799|
  470|  1622808|      0|       1|      863|
  471|  1623675|      2|       1|     3764|
  472|  1627443|      0|       1|     1039|
  473|  1628486|      2|       1|     3853|
  474|  1632343|      0|       1|      965|
  475|  1633312|      2|       1|     3926|
  476|  1637242|      0|       1|     1130|
  477|  1638376|      2|       1|     3723|
  478|  1642103|      0|       1|     1082|
  479|  1643189|      2|       1|     3919|
  480|  1647112|      0|       1|     1159|
  481|  1648275|      2|       1|     4269|
  482|  1652548|      0|       1|     1404|
  483|  1653956|      2|       1|     3057|
  484|  1657017|      0|       1|      144|
  485|  1657165|      2|       1|     3864|
  486|  1661033|      0|       1|     1567|
  487|  1662604|      2|       1|     3927|
  488|  1666535|      2|       1|     3046|
  489|  1669585|      2|       1|     3387|
  490|  1672976|      2|       1|     3486|
  491|  1676466|      2|       1|     3385|
  492|  1679855|      2|       1|     3278|
  493|  1683137|      2|       1|     3606|
  494|  1686747|      2|       1|     3377|
  495|  1690128|      2|       1|     3491|
  496|  1693623|      2|       1|     3337|
  497|  1696964|      2|       1|     3420|
  498|  1700388|      2|       1|     3543|
  499|  1703935|      2|       1|     3836|
  500|  1707775|      2|       1|     3467|
  501|  1711246|      2|       1|     3568|
  502|  1714818|      2|       1|     3623|
  503|  1718445|      2|       1|     3724|
  504|  1722173|      2|       1|     3560|
  505|  1725737|      2|       1|     3580|
  506|  1729321|      2|       1|     3668|
  507|  1732993|      2|       1|     4162|
  508|  1737159|      2|       1|     4678|
  509|  1741841|      2|       1|      255|
  510|  1742100|      2|       1|     3707|
  511|  1745811|      2|       1|     3725|
  512|  1749540|      2|       1|     4015|
  513|  1753559|      2|       1|     4086|
  514|  1757649|      2|       1|     4034|
  515|  1761687|      2|       1|     4066|
  516|  1765757|      2|       1|     3968|
  517|  1769729|      2|       1|     3848|
  518|  1773581|      2|       1|     3960|
  519|  1777545|      2|       1|     3663|
  520|  1781212|      2|       1|     3717|
  521|  1784933|      2|       1|     3700|
  522|  1788637|      2|       1|     3606|
  523|  1792247|      2|       1|     3401|
  524|  1795652|      2|       1|     3620|
  525|  1799276|      2|       1|     3651|
  526|  1802931|      2|       1|     3616|
  527|  1806551|      2|       1|     3638|
  528|  1810193|      2|       1|     3443|
  529|  1813640|      2|       1|     3378|
  530|  1817022|      2|       1|     3649|
  531|  1820675|      2|       1|     4488|
  532|  1825167|      2|       1|     4415|
  533|  1829586|      2|       1|     5222|
  534|  1834812|      2|       1|      225|
  535|  1835041|      2|       1|     4335|
  536|  1839380|      2|       1|     4425|
  537|  1843809|      2|       1|     4346|
  538|  1848159|      2|       1|     4054|
  539|  1852217|      2|       1|     3989|
  540|  1856210|      2|       1|     3949|
  541|  1860163|      2|       1|     3821|
  542|  1863988|      2|       1|     3877|
  543|  1867869|      2|       1|     3759|
  544|  1871632|      2|       1|     3826|
  545|  1875462|      2|       1|     3866|
  546|  1879332|      2|       1|     3817|
  547|  1883153|      2|       1|     3730|
  548|  1886887|      2|       1|     3395|
  549|  1890286|      2|       1|     3558|
  550|  1893848|      2|       1|     3497|
  551|  1897349|      2|       1|     3542|
  552|  1900895|      2|       1|     3442|
  553|  1904341|      2|       1|     3601|
  554|  1907946|      2|       1|     3510|
  555|  1911460|      2|       1|     3453|
  556|  1914917|      3|       7|       25|
  557|  1914946|      3|       8|        6|
  558|  1914956|      3|       5|     9012|
  559|  1923971|      2|       1|     3846|
  560|  1927821|      0|       1|     1348|
  561|  1929173|      2|       1|      350|
  562|  1929527|      2|       1|     2888|
  563|  1932419|      2|       1|     2939|
  564|  1935362|      2|       1|     2989|
  565|  1938355|      2|       1|     3127|
  566|  1941486|      2|       1|     3311|
  567|  1944801|      2|       1|     3659|
  568|  1948464|      2|       1|     3483|
  569|  1951951|      2|       1|     3136|
  570|  1955091|      2|       1|     2852|
  571|  1957947|      2|       1|     3198|
  572|  1961149|      2|       1|     3649|
  573|  1964802|      2|       1|     3938|
  574|  1968744|      2|       1|     3489|
  575|  1972237|      2|       1|     3286|
  576|  1975527|      2|       1|     3227|
  577|  1978758|      2|       1|     3189|
  578|  1981951|      2|       1|     3364|
  579|  1985319|      2|       1|     3524|
  580|  1988847|      2|       1|     3670|
  581|  1992521|      2|       1|     3786|
  582|  1996311|      2|       1|     4202|
  583|  2000517|      2|       1|     4530|
  584|  2005051|      2|       1|     4509|
  585|  2009564|      2|       1|     4913|
  586|  2014481|      2|       1|      297|
  587|  2014782|      2|       1|     4065|
  588|  2018851|      2|       1|     3745|
  589|  2022600|      2|       1|     4720|
  590|  2027324|      2|       1|     4065|
  591|  2031393|      2|       1|     4181|
  592|  2035578|      2|       1|     4321|
  593|  2039903|      2|       1|     4358|
  594|  2044265|      2|       1|     5290|
  595|  2049559|      0|       1|     2075|
  596|  2051638|      2|       1|     5169|
  597|  2056811|      0|       1|     2271|
  598|  2059086|      2|       1|     3635|
  599|  2062725|      2|       1|     3561|
  600|  2066290|      2|       1|     3744|
  601|  2070038|      2|       1|     3858|
  602|  2073900|      2|       1|     4259|
  603|  2078163|      2|       1|     3887|
  604|  2082054|      2|       1|     4007|
  605|  2086065|      2|       1|     4134|
  606|  2090203|      2|       1|     3919|
  607|  2094126|      2|       1|     3887|
  608|  2098017|      2|       1|     5996|
  609|  2104017|      0|       1|     1767|
  610|  2105788|      2|       1|     4505|
  611|  2110297|      2|       1|      405|
  612|  2110706|      2|       1|     5133|
  613|  2115843|      0|       1|     1490|
  614|  2117337|      2|       1|     4669|
  615|  2122010|      0|       1|     1572|
  616|  2123586|      2|       1|     3413|
  617|  2127003|      2|       1|     3397|
  618|  2130404|      2|       1|     3175|
  619|  2133583|      2|       1|     3142|
  620|  2136729|      2|       1|     3735|
  621|  2140468|      0|       1|     1566|
  622|  2142038|      2|       1|     2716|
  623|  2144758|      2|       1|     2399|
  624|  2147161|      3|       7|       25|
  625|  2147190|      3|       8|        6|
  626|  2147200|      3|       5|    10089|
  627|  2157292|      2|       1|     1526|
  628|  2158822|      2|       1|     2250|
  629|  2161076|      2|       1|     2467|
  630|  2163547|      2|       1|     3414|
  631|  2166965|      0|       1|     1253|
  632|  2168222|      2|       1|     3682|
  633|  2171908|      0|       1|     1360|
  634|  2173272|      2|       1|     3729|
  635|  2177005|      0|       1|     1393|
  636|  2178402|      2|       1|     2750|
  637|  2181156|      2|       1|     2704|
  638|  2183864|      0|       1|      233|
  639|  2184101|      2|       1|     2650|
  640|  2186755|      2|       1|     2572|
  641|  2189331|      2|       1|     2776|
  642|  2192111|      2|       1|     2833|
  643|  2194948|      2|       1|     2793|
  644|  2197745|      2|       1|     3102|
  645|  2200851|      2|       1|     2896|
  646|  2203751|      2|       1|     2980|
  647|  2206735|      2|       1|     3068|
  648|  2209807|      2|    